# Created by Octave 5.1.0, Wed Apr 03 13:19:38 2019 GMT <unknown@Andrej-PC>
# name: xy
# type: matrix
# rows: 500
# columns: 2
 1 36.519528645312555
 2 -37.232137514085338
 3 35.335523475207651
 4 60.574223276371526
 5 67.675266761460733
 6 118.8547466879255
 7 -6.5619646786233545
 8 -97.964315012467608
 9 -22.006171146987722
 10 -36.480493763325299
 11 -55.871103165623033
 12 -50.485261092453008
 13 -18.31090037314749
 14 -51.423007040954047
 15 15.663827656187735
 16 56.327281304897184
 17 102.66545513270378
 18 73.101819198425702
 19 83.340602955645025
 20 99.75138066244277
 21 112.93389046781596
 22 17.239535409901833
 23 68.097947353683423
 24 -89.748059558826228
 25 -95.438040590313534
 26 -20.348507566487875
 27 -25.259428703169519
 28 -71.989077597727956
 29 -27.074303023367129
 30 -78.653213841413958
 31 -85.19980991798279
 32 56.315077075146093
 33 28.654481838815812
 34 58.176308563437509
 35 148.04396440185309
 36 22.952934176675186
 37 132.50685784939782
 38 -21.540700108754137
 39 72.914536270732526
 40 53.952163442921417
 41 -54.252836272667153
 42 -7.7833929686891636
 43 -155.29414544619712
 44 -68.253779013787295
 45 -42.5086322189199
 46 -65.782235926401881
 47 58.69572442367128
 48 94.615394872846366
 49 152.71502762700806
 50 98.171100942484642
 51 143.20575298844366
 52 110.35920703457963
 53 194.30188519556168
 54 65.05361706508809
 55 30.904239284140107
 56 21.690290590044263
 57 -97.785157420820383
 58 25.898377162623831
 59 -32.689940974055581
 60 1.4489938427257485
 61 -132.17750935333635
 62 21.060521086989404
 63 79.540578448223371
 64 113.10599143668485
 65 167.41272463914731
 66 75.38104664576548
 67 158.69369468252992
 68 114.30631303673121
 69 150.44282297037151
 70 64.803580042124949
 71 62.249690587954817
 72 76.488758868971559
 73 2.0254210996777218
 74 -17.711808734138348
 75 -65.907276363926258
 76 -50.196594971316955
 77 -63.928157352010366
 78 27.153822302729722
 79 91.426136083504431
 80 142.48358878191939
 81 81.689802648372151
 82 177.62445091306071
 83 179.99017625492755
 84 152.92067046331033
 85 94.560219170521989
 86 102.55271724399516
 87 45.7701497376734
 88 68.322561382635826
 89 46.480645808183667
 90 -55.749787969635534
 91 71.513424966415357
 92 -46.001334872308874
 93 103.5054567701159
 94 19.116175166965945
 95 101.65443709892983
 96 121.1316329199465
 97 188.294384208602
 98 242.33295758488603
 99 165.36248301618394
 100 184.19595901749062
 101 224.70036067988019
 102 -15.734832237823838
 103 16.757368090811141
 104 145.98399980101158
 105 -2.5067203154169313
 106 91.667330383666737
 107 -63.56286363900378
 108 57.991348682676197
 109 15.376136341545489
 110 64.800379918166669
 111 81.899430890910367
 112 211.21885298828371
 113 252.9520799943833
 114 299.44839023287739
 115 131.39033671896914
 116 184.64024191459978
 117 175.07207964353074
 118 116.09644820191255
 119 101.24386903223166
 120 -9.0054698613365076
 121 71.121287210994268
 122 -56.256624894828349
 123 31.281584964940365
 124 83.352863113003494
 125 166.67503821734778
 126 169.53869084621454
 127 294.03769192471003
 128 332.70071934392314
 129 242.78783159594485
 130 258.37047549232943
 131 241.32536072232492
 132 329.02392703783681
 133 277.34783666146274
 134 127.68084122966064
 135 93.131649342164337
 136 26.210823666043595
 137 23.281851193996317
 138 67.481086770925316
 139 139.60601579863931
 140 1.0564641822506928
 141 106.59800485811853
 142 184.77219229821435
 143 283.07532324784597
 144 354.47106453604403
 145 440.6812542970614
 146 322.33341943629256
 147 249.72387805308722
 148 311.16800668578588
 149 298.50921779136809
 150 150.53499442625909
 151 182.76692771255807
 152 155.633518100819
 153 126.67736536830613
 154 145.43837745377905
 155 241.60214329730832
 156 301.72978574865385
 157 305.48374431586211
 158 341.69256453899601
 159 347.52917314727534
 160 280.60630679306121
 161 398.48637682835113
 162 321.08945998394944
 163 370.67672985962696
 164 294.49050817189305
 165 219.96505233051104
 166 280.18211992894913
 167 206.26925553437425
 168 141.00807203888206
 169 120.48400763036921
 170 223.00068210021806
 171 175.52317260122928
 172 289.11878497076952
 173 324.2957627043445
 174 471.75159991949647
 175 352.6396095681215
 176 403.23697330272626
 177 478.04172903138982
 178 405.16138955716605
 179 285.54630429603799
 180 362.19259946413172
 181 337.75271135294702
 182 267.89421625384824
 183 236.6354908881882
 184 324.02496632536554
 185 283.30791538647497
 186 259.75092899988186
 187 258.21310599854047
 188 407.38870829821872
 189 367.87448733635722
 190 520.4995569220938
 191 436.62352898415452
 192 400.4948253804119
 193 431.0837205077483
 194 429.55608166336509
 195 546.11231640036294
 196 301.18077097465607
 197 308.72082235098907
 198 343.5023853489738
 199 330.4289914027155
 200 287.89711994478932
 201 296.36709731422826
 202 347.66835515309731
 203 392.56107663662431
 204 386.69910223733012
 205 420.21227440931597
 206 535.57998953228525
 207 560.59150456427562
 208 574.94114482334851
 209 611.13494717547724
 210 570.24013929299474
 211 565.97886241830861
 212 445.37394238591639
 213 384.89451244081238
 214 377.62893852001673
 215 476.0221858632591
 216 282.53779430825011
 217 392.68698674900838
 218 411.73652034158624
 219 415.86527935048798
 220 465.19509652916651
 221 478.67471830266959
 222 626.52215930436159
 223 654.37571672189199
 224 520.31399914931364
 225 609.78910934579415
 226 567.2720939924402
 227 459.90087864459457
 228 435.26808301350144
 229 496.05133169700457
 230 480.32699500178717
 231 406.15710739964447
 232 357.16488751712501
 233 537.31409398570838
 234 545.61064451018933
 235 547.34769664753628
 236 577.25304966701026
 237 600.19751069845597
 238 577.84179530995414
 239 707.58436401713163
 240 701.5392821190585
 241 590.31750597059488
 242 653.35804698158267
 243 597.64140645921009
 244 662.62805787511866
 245 669.56364790632506
 246 532.73310161387781
 247 573.35431307281294
 248 481.51097491500508
 249 487.41578407022445
 250 628.3226715194495
 251 670.01274929374688
 252 726.4502918865976
 253 698.92037414285153
 254 728.29294486817355
 255 758.09455580903068
 256 850.32544450338514
 257 705.50001412383222
 258 647.18956460767708
 259 696.06402901407432
 260 564.67691491571293
 261 615.26340860039397
 262 631.35991912933957
 263 535.60166393179702
 264 638.21094771498565
 265 612.98603425890781
 266 568.58715778504973
 267 635.19309987110046
 268 742.04559102950248
 269 820.67698830403151
 270 798.39248047415742
 271 840.16246812264717
 272 753.96032171813522
 273 882.75603220454866
 274 815.73690307014078
 275 753.15262614281198
 276 746.58322499908968
 277 631.90337181177517
 278 772.95897199713841
 279 687.4771116547646
 280 628.18772787132855
 281 755.14862518449411
 282 744.1621402114298
 283 733.41078138580247
 284 831.14347895591618
 285 916.05793437214891
 286 945.02433252987021
 287 850.07906697400267
 288 904.78039200753369
 289 856.3921889570978
 290 860.3499948255602
 291 835.15549915602116
 292 819.92667837807085
 293 765.25986178981327
 294 808.6455766240415
 295 641.67883564447936
 296 797.60151548681279
 297 866.18186167848887
 298 844.90969987499454
 299 956.67440939313155
 300 926.82526049299895
 301 995.38293148982677
 302 913.29594396063874
 303 1048.3661476994566
 304 1024.8186908995674
 305 953.59961962921477
 306 903.40873250974573
 307 943.0357583801167
 308 970.67076333858154
 309 925.28099891213151
 310 744.10223691199747
 311 875.68928392970975
 312 905.84415763581819
 313 850.41120366984717
 314 939.2905583850976
 315 1064.1402990686925
 316 1097.7319660143721
 317 1116.0331574027164
 318 1075.469150643783
 319 1064.627457515026
